round_number,saved,poisoned,analysis
1,,,"Save reason: First night. Target Nhan's role is unknown. Saving now risks wasting the potion on a non-essential player or someone already protected by the Guard. Better to conserve for a confirmed Seer.
Poison reason: No Seer-confirmed wolves or factual contradictions yet. Poisoning blindly is suboptimal and risks killing a fellow villager."
2,,,"Save reason: Cong's role is unknown. Saving without knowing if they are the Seer or Guard is wasteful. I will wait for role claims to identify high-value targets.
Poison reason: No Seer-confirmed wolves or factual contradictions present. Poisoning now would be a blind guess, violating strategy."
3,Nam,,"Save reason: The wolves targeted me. According to strategy, I must prioritize saving the Seer, Guard, Trust Anchor, and then myself. Since I am the target, I will save myself to maintain power role utility.
Poison reason: No player has a Seer-confirmed wolf status or a definitive factual contradiction. Poisoning now would be premature and violate strategy."
